0,573
0,572
0,571
0,570
0,569
0,310
0,305
0,308
0,307
0,302
0,304
0,303
0,12
0,10
0,8
0,0
0,417
0,416
0,300
0,415
0,414
0,299
0,556
0,496
0,298
0,522
0,413
0,297
0,521
0,412
0,296
0,555
0,411
0,295
0,543
0,495
0,294
0,542
0,410
0,293
0,493
0,409
0,292
0,520
0,407
0,291
0,541
0,406
0,290
0,540
0,519
0,289
0,518
0,492
0,288
0,491
0,405
0,287
0,539
0,404
0,286
0,554
0,403
0,285
0,490
0,401
0,284
0,489
0,400
0,283
0,488
0,402
0,282
0,399
0,398
0,281
0,397
0,396
0,280
0,395
0,394
0,279
0,393
0,392
0,278
0,391
0,390
0,277
0,389
0,388
0,276
0,538
0,517
0,275
0,487
0,387
0,274
0,486
0,386
0,273
0,485
0,385
0,272
0,483
0,484
0,271
0,516
0,384
0,270
0,537
0,383
0,269
0,382
0,268
0,482
0,381
0,267
0,536
0,481
0,266
0,535
0,515
0,265
0,480
0,380
0,264
0,479
0,379
0,263
0,478
0,378
0,262
0,477
0,476
0,261
0,514
0,377
0,260
0,564
0,376
0,259
0,475
0,375
0,258
0,513
0,374
0,257
0,534
0,474
0,256
0,533
0,473
0,255
0,512
0,373
0,254
0,472
0,372
0,253
0,471
0,371
0,252
0,532
0,566
0,251
0,469
0,370
0,250
0,468
0,369
0,249
0,531
0,368
0,248
0,511
0,367
0,247
0,530
0,246
0,565
0,467
0,245
0,466
0,366
0,244
0,509
0,365
0,242
0,364
0,241
0,464
0,363
0,361
51,3
51,1
0,430
0,434
30,3
0,470
0,494
30,5
0,506
0,510
1,1
3,0
3,1
3,3
31,3
31,1
27,2
27,3
29,1
29,2
30,2
31,2
32,0
32,2
32,3
33,1
33,2
33,4
34,1
34,2
35,0
35,1
35,3
36,0
36,1
36,3
36,4
37,1
37,3
37,4
39,1
39,2
39,4
41,0
41,2
41,4
44,0
44,2
44,3
47,0
47,2
47,3
47,5
47,6
49,1
49,2
49,4
50,1
50,2
51,2
52,0
52,2
52,3
52,1
50,3
50,0
49,3
49,0
47,4
47,1
44,4
44,1
41,3
41,1
39,3
39,0
37,2
37,0
36,2
35,4
35,2
34,3
34,0
33,3
33,0
32,1
30,4
29,3
29,0
27,1
27,0
31,0
1,3
1,0
0,502
30,1
0,465
30,0
0,408
0,351
51,0
0,322
2,1
0,243
2,3
2,0
0,9
0,240
0,529
0,463
0,239
0,462
0,362
0,238
0,461
0,237
0,528
0,360
0,236
0,507
0,359
0,235
0,563
0,508
0,234
0,568
0,460
0,233
0,459
0,358
0,232
0,458
0,357
0,231
0,504
0,356
0,230
0,503
0,355
0,229
0,505
0,354
0,228
0,353
0,227
0,527
0,457
0,226
0,456
0,352
0,225
0,455
0,224
0,526
0,350
0,223
0,552
0,349
0,222
0,551
0,454
0,221
0,562
0,453
0,220
0,452
0,348
0,219
0,501
0,347
0,218
0,525
0,346
0,217
0,500
0,345
0,216
0,451
0,344
0,215
0,550
0,343
0,214
0,549
0,342
0,213
0,499
0,341
0,212
0,548
0,340
0,211
0,547
0,339
0,210
0,449
0,338
0,209
0,448
0,337
0,208
0,450
0,336
0,207
0,447
0,446
0,206
0,445
0,335
0,205
0,444
0,334
0,204
0,443
0,333
0,203
0,442
0,332
0,202
0,441
0,440
0,201
0,553
0,524
0,200
0,561
0,331
0,199
0,439
0,330
0,198
0,438
0,329
0,197
0,567
0,328
0,196
0,498
0,436
0,195
0,545
0,435
0,194
0,437
0,327
0,193
0,546
0,326
0,192
0,433
0,325
0,63
0,432
0,324
0,62
0,431
0,323
0,61
0,321
0,60
0,429
0,428
0,59
0,523
0,320
0,58
0,427
0,319
0,57
0,426
0,318
0,56
0,560
0,317
0,55
0,559
0,497
0,54
0,558
0,425
0,53
0,557
0,316
0,52
0,544
0,315
0,51
0,423
0,314
0,50
0,422
0,313
0,49
0,424
0,312
0,48
0,421
0,311
0,47
0,420
0,309
0,46
0,419
0,306
0,45
0,418
0,301
0,6
0,5
0,1
0,11
0,4
0,2
0,3
0,7
